F:\pictures\grass2\IMG_1132.JPG
584 875

1 0 437 
0 1 291.5 
0 0 1 

0.999328 0.00348542 0.036476 
-0.00348311 0.999994 -0.000127181 
-0.0364761 -6.59491e-008 0.999334 

601.232

F:\pictures\grass2\IMG_1133.JPG
584 875

1 0 437 
0 1 291.5 
0 0 1 

0.999126 0.0270953 0.0318159 
-0.00847212 0.876847 -0.480694 
-0.0409223 0.480005 0.876311 

605.523

F:\pictures\grass2\IMG_1134.JPG
584 875

1 0 437 
0 1 291.5 
0 0 1 

0.999088 0.0387276 0.0180098 
-0.00935674 0.609893 -0.792429 
-0.0416729 0.791537 0.609699 

606.295

F:\pictures\grass2\IMG_1135.JPG
584 875

1 0 437 
0 1 291.5 
0 0 1 

0.998862 0.0476917 -3.21882e-006 
-0.0048672 0.101872 -0.994786 
-0.0474426 0.993653 0.101988 

601.769

F:\pictures\grass2\IMG_1136.JPG
584 875

1 0 437 
0 1 291.5 
0 0 1 

0.998813 0.0411524 -0.0260625 
-0.00714278 -0.405525 -0.914056 
-0.0481846 0.913157 -0.404749 

600.557

F:\pictures\grass2\IMG_1137.JPG
584 875

1 0 437 
0 1 291.5 
0 0 1 

0.998619 0.0276565 -0.0446599 
-0.000443198 -0.845714 -0.533636 
-0.052528 0.532919 -0.844534 

600.128

F:\pictures\grass2\IMG_1138.JPG
584 875

1 0 437 
0 1 291.5 
0 0 1 

0.999236 0.00507346 -0.0387584 
0.00429791 -0.999789 -0.0200673 
-0.0388519 0.0198853 -0.999047 

600.627

F:\pictures\grass2\IMG_1139.JPG
584 875

1 0 437 
0 1 291.5 
0 0 1 

0.999459 -0.0143571 -0.0295927 
0.00172119 -0.875643 0.482955 
-0.0328464 -0.482745 -0.875145 

601.55

F:\pictures\grass2\IMG_1140.JPG
584 875

1 0 437 
0 1 291.5 
0 0 1 

0.999417 -0.0300473 -0.016224 
-0.00157668 -0.515212 0.857061 
-0.0341111 -0.856536 -0.514959 

603.522

F:\pictures\grass2\IMG_1141.JPG
584 875

1 0 437 
0 1 291.5 
0 0 1 

0.999394 -0.0346779 0.0030319 
-0.00399311 -0.0276823 0.999609 
-0.0345803 -0.999015 -0.0278041 

602.082

F:\pictures\grass2\IMG_1142.JPG
584 875

1 0 437 
0 1 291.5 
0 0 1 

0.999577 -0.0182576 0.0226352 
-0.0100796 0.512592 0.858573 
-0.027278 -0.858438 0.512191 

600.082

F:\pictures\grass2\IMG_1143.JPG
584 875

1 0 437 
0 1 291.5 
0 0 1 

0.999572 -0.00835075 0.028049 
-0.00639415 0.872954 0.48776 
-0.0285587 -0.487731 0.872527 

599.977

F:\pictures\grass2\IMG_1131.JPG
584 875

1 0 437 
0 1 291.5 
0 0 1 

0.998971 -0.0219496 0.0396841 
0.0302438 0.974503 -0.222325 
-0.0337923 0.223297 0.974164 

603.186

