D:\workspace\vfx-image-stitching\data\grail\grail01.jpg
384 512

1 0 255.5 
0 1 191.5 
0 0 1 

0.999853 0.0171217 -0.000258049 
-0.0171218 0.999853 4.42162e-006 
0.000258074 4.92492e-009 1 

626.245

D:\workspace\vfx-image-stitching\data\grail\grail02.jpg
384 512

1 0 255.5 
0 1 191.5 
0 0 1 

0.999825 0.0178138 0.00579137 
-0.0187204 0.939643 0.341643 
0.000644129 -0.341691 0.939812 

625.754

D:\workspace\vfx-image-stitching\data\grail\grail03.jpg
384 512

1 0 255.5 
0 1 191.5 
0 0 1 

0.999852 0.0137228 0.0103966 
-0.0171942 0.765237 0.643518 
0.00087499 -0.643602 0.76536 

627.319

D:\workspace\vfx-image-stitching\data\grail\grail04.jpg
384 512

1 0 255.5 
0 1 191.5 
0 0 1 

0.999823 0.0109105 0.0153577 
-0.018764 0.50418 0.863395 
0.001677 -0.86353 0.504295 

627.723

D:\workspace\vfx-image-stitching\data\grail\grail05.jpg
384 512

1 0 255.5 
0 1 191.5 
0 0 1 

0.999873 0.00469202 0.0152214 
-0.0158073 0.174776 0.984481 
0.00195881 -0.984597 0.174828 

627.868

D:\workspace\vfx-image-stitching\data\grail\grail06.jpg
384 512

1 0 255.5 
0 1 191.5 
0 0 1 

0.999861 -0.00164973 0.0166023 
-0.0166386 -0.17199 0.984958 
0.00123053 -0.985097 -0.171994 

625.467

D:\workspace\vfx-image-stitching\data\grail\grail07.jpg
384 512

1 0 255.5 
0 1 191.5 
0 0 1 

0.999923 -0.00560723 0.0110769 
-0.0123952 -0.501534 0.865049 
0.000704941 -0.865119 -0.501565 

627.507

D:\workspace\vfx-image-stitching\data\grail\grail08.jpg
384 512

1 0 255.5 
0 1 191.5 
0 0 1 

0.999865 -0.0130604 0.00994911 
-0.016402 -0.767584 0.640738 
-0.000731569 -0.640815 -0.767694 

627.742

D:\workspace\vfx-image-stitching\data\grail\grail09.jpg
384 512

1 0 255.5 
0 1 191.5 
0 0 1 

0.999878 -0.0149983 0.00443732 
-0.0156207 -0.943136 0.332039 
-0.000795061 -0.332068 -0.943255 

628.398

D:\workspace\vfx-image-stitching\data\grail\grail10.jpg
384 512

1 0 255.5 
0 1 191.5 
0 0 1 

0.999836 -0.018124 -0.000866029 
-0.0181314 -0.99979 -0.00958253 
-0.000692165 0.00959653 -0.999954 

628.727

D:\workspace\vfx-image-stitching\data\grail\grail11.jpg
384 512

1 0 255.5 
0 1 191.5 
0 0 1 

0.999806 -0.0184166 -0.00695758 
-0.0196866 -0.937568 -0.347244 
-0.000128153 0.347314 -0.937749 

628.842

D:\workspace\vfx-image-stitching\data\grail\grail12.jpg
384 512

1 0 255.5 
0 1 191.5 
0 0 1 

0.99979 -0.0163209 -0.0123788 
-0.0204525 -0.761683 -0.647627 
0.00114108 0.647744 -0.761857 

629.718

D:\workspace\vfx-image-stitching\data\grail\grail13.jpg
384 512

1 0 255.5 
0 1 191.5 
0 0 1 

0.99986 -0.00960693 -0.0137036 
-0.0166609 -0.49408 -0.869257 
0.00158018 0.869364 -0.494171 

628.613

D:\workspace\vfx-image-stitching\data\grail\grail14.jpg
384 512

1 0 255.5 
0 1 191.5 
0 0 1 

0.999894 -0.00390157 -0.0140295 
-0.0145028 -0.180143 -0.983533 
0.00130995 0.983633 -0.18018 

630.758

D:\workspace\vfx-image-stitching\data\grail\grail15.jpg
384 512

1 0 255.5 
0 1 191.5 
0 0 1 

0.999912 0.00172814 -0.0131543 
-0.0132553 0.172343 -0.984948 
0.000564917 0.985035 0.172351 

629.835

D:\workspace\vfx-image-stitching\data\grail\grail16.jpg
384 512

1 0 255.5 
0 1 191.5 
0 0 1 

0.999868 0.0108192 -0.0121411 
-0.015914 0.497261 -0.867455 
-0.00334789 0.867533 0.497368 

630.361

D:\workspace\vfx-image-stitching\data\grail\grail17.jpg
384 512

1 0 255.5 
0 1 191.5 
0 0 1 

0.999839 0.0166545 -0.00669121 
-0.0170794 0.768252 -0.639919 
-0.00551698 0.639931 0.768413 

629.734

D:\workspace\vfx-image-stitching\data\grail\grail00.jpg
384 512

1 0 255.5 
0 1 191.5 
0 0 1 

0.999858 0.0163304 -0.00423247 
-0.0168368 0.950223 -0.311115 
-0.00105887 0.311142 0.950363 

628.684

