D:\workspace\vfx-image-stitching\data\csie\IMG_8710.JPG
540 720

1 0 359.5 
0 1 269.5 
0 0 1 

0.98467 -0.00330616 0.174396 
0.0032554 0.999995 0.000576783 
-0.174397 -9.77828e-008 0.984676 

1736.75

D:\workspace\vfx-image-stitching\data\csie\IMG_8711.JPG
540 720

1 0 359.5 
0 1 269.5 
0 0 1 

0.984344 -0.0521742 0.168361 
0.0120262 0.97284 0.231165 
-0.175849 -0.225521 0.958237 

1740.68

D:\workspace\vfx-image-stitching\data\csie\IMG_8712.JPG
540 720

1 0 359.5 
0 1 269.5 
0 0 1 

0.986414 -0.0035608 0.164239 
-0.00725105 0.997847 0.0651836 
-0.164117 -0.0654888 0.984265 

1737.28

D:\workspace\vfx-image-stitching\data\csie\IMG_8713.JPG
540 720

1 0 359.5 
0 1 269.5 
0 0 1 

0.988426 0.0301389 0.148678 
-0.00964062 0.990565 -0.136708 
-0.151396 0.133693 0.979391 

1735.39

D:\workspace\vfx-image-stitching\data\csie\IMG_8714.JPG
540 720

1 0 359.5 
0 1 269.5 
0 0 1 

0.985537 0.0613947 0.157951 
-0.00794005 0.947771 -0.318852 
-0.169277 0.312986 0.934551 

1729.41

D:\workspace\vfx-image-stitching\data\csie\IMG_8715.JPG
540 720

1 0 359.5 
0 1 269.5 
0 0 1 

0.984308 0.097813 0.14687 
-0.0036746 0.843494 -0.537126 
-0.176422 0.528158 0.830617 

1728.58

D:\workspace\vfx-image-stitching\data\csie\IMG_8716.JPG
540 720

1 0 359.5 
0 1 269.5 
0 0 1 

0.984008 0.123179 0.128668 
0.000360541 0.720969 -0.692967 
-0.178125 0.681931 0.709395 

1726.44

D:\workspace\vfx-image-stitching\data\csie\IMG_8717.JPG
540 720

1 0 359.5 
0 1 269.5 
0 0 1 

0.982728 0.147456 0.111807 
-0.00379417 0.620122 -0.784496 
-0.185013 0.770522 0.609972 

1724.53

D:\workspace\vfx-image-stitching\data\csie\IMG_8718.JPG
540 720

1 0 359.5 
0 1 269.5 
0 0 1 

0.980006 0.169945 0.103473 
0.00167229 0.512997 -0.858389 
-0.198961 0.841399 0.502456 

1724.56

D:\workspace\vfx-image-stitching\data\csie\IMG_8719.JPG
540 720

1 0 359.5 
0 1 269.5 
0 0 1 

0.982389 0.168326 0.081105 
0.0119732 0.376468 -0.926352 
-0.186463 0.911009 0.367822 

1724.25

D:\workspace\vfx-image-stitching\data\csie\IMG_8709.JPG
540 720

1 0 359.5 
0 1 269.5 
0 0 1 

0.983982 -0.0408471 0.173526 
0.00933306 0.983864 0.178673 
-0.178024 -0.174192 0.968486 

1732.68

