D:\workspace\vfx-image-stitching\data\our\2d\IMG_4421.JPG
519 346

1 0 172.5 
0 1 259 
0 0 1 

0.968952 0.0207078 0.246382 
-0.0200692 0.999785 -0.00510308 
-0.246435 6.75051e-009 0.969159 

434.634

D:\workspace\vfx-image-stitching\data\our\2d\IMG_4422.JPG
519 346

1 0 172.5 
0 1 259 
0 0 1 

0.967024 -0.0517869 0.249366 
-0.0500935 0.921309 0.385592 
-0.249711 -0.385368 0.888333 

433.531

D:\workspace\vfx-image-stitching\data\our\2d\IMG_4423.JPG
519 346

1 0 172.5 
0 1 259 
0 0 1 

0.969538 -0.186581 0.158696 
-0.0583715 0.453227 0.889482 
-0.237885 -0.871649 0.42853 

429.726

D:\workspace\vfx-image-stitching\data\our\2d\IMG_4424.JPG
519 346

1 0 172.5 
0 1 259 
0 0 1 

0.981522 -0.191295 0.00462323 
-0.0438004 -0.201086 0.978594 
-0.18627 -0.960713 -0.205748 

427.248

D:\workspace\vfx-image-stitching\data\our\2d\IMG_4425.JPG
519 346

1 0 172.5 
0 1 259 
0 0 1 

0.981285 -0.160462 -0.106444 
-0.0273145 -0.663195 0.747948 
-0.190611 -0.731043 -0.655167 

429.106

D:\workspace\vfx-image-stitching\data\our\2d\IMG_4426.JPG
519 346

1 0 172.5 
0 1 259 
0 0 1 

-0.981954 0.101747 0.159417 
0.0267337 0.909157 -0.415596 
-0.18722 -0.403834 -0.89547 

-430.861

D:\workspace\vfx-image-stitching\data\our\2d\IMG_4427.JPG
519 346

1 0 172.5 
0 1 259 
0 0 1 

-0.979948 -0.00271429 0.199235 
0.0149177 0.996102 0.0869436 
-0.198694 0.0881725 -0.976087 

-433.589

D:\workspace\vfx-image-stitching\data\our\2d\IMG_4428.JPG
519 346

1 0 172.5 
0 1 259 
0 0 1 

0.977779 0.077291 -0.194872 
-0.0394832 -0.845026 -0.533266 
-0.205888 0.529111 -0.823196 

431.881

D:\workspace\vfx-image-stitching\data\our\2d\IMG_4429.JPG
519 346

1 0 172.5 
0 1 259 
0 0 1 

0.97853 0.169108 -0.117825 
-0.0454953 -0.380345 -0.923725 
-0.201023 0.909253 -0.364485 

432.317

D:\workspace\vfx-image-stitching\data\our\2d\IMG_4430.JPG
519 346

1 0 172.5 
0 1 259 
0 0 1 

0.979769 0.197313 -0.0334701 
-0.046632 0.06244 -0.996959 
-0.194623 0.97835 0.0703779 

431.912

D:\workspace\vfx-image-stitching\data\our\2d\IMG_4431.JPG
519 346

1 0 172.5 
0 1 259 
0 0 1 

0.981194 0.176497 0.0781504 
-0.0491702 0.620058 -0.783014 
-0.186657 0.764446 0.617075 

432.49

D:\workspace\vfx-image-stitching\data\our\2d\IMG_4420.JPG
519 346

1 0 172.5 
0 1 259 
0 0 1 

0.972923 0.0784782 0.217398 
0.0100672 0.925309 -0.37908 
-0.23091 0.371004 0.899464 

436.822

