D:\workspace\vfx-image-stitching\data\our\1\IMG_4408.JPG
5184 3456

8 0 1727.5 
0 8 2591.5 
0 0 1 

0.995319 0.0853964 0.0452609 
-0.0853083 0.996347 -0.00387921 
-0.0454268 5.967e-009 0.998968 

807.397

D:\workspace\vfx-image-stitching\data\our\1\IMG_4409.JPG
5184 3456

8 0 1727.5 
0 8 2591.5 
0 0 1 

0.997724 0.0317434 0.0594886 
-0.0464496 0.963094 0.265126 
-0.0488771 -0.267286 0.962377 

799.39

D:\workspace\vfx-image-stitching\data\our\1\IMG_4410.JPG
5184 3456

8 0 1727.5 
0 8 2591.5 
0 0 1 

0.998152 -0.0284893 0.0536744 
-0.00713715 0.822212 0.569137 
-0.060346 -0.568469 0.820489 

739.743

D:\workspace\vfx-image-stitching\data\our\1\IMG_4411.JPG
5184 3456

8 0 1727.5 
0 8 2591.5 
0 0 1 

0.994189 -0.10684 0.0131698 
0.0262679 0.359417 0.932807 
-0.104395 -0.92704 0.360135 

410.999

D:\workspace\vfx-image-stitching\data\our\1\IMG_4412.JPG
5184 3456

8 0 1727.5 
0 8 2591.5 
0 0 1 

0.993998 -0.108375 0.0148997 
0.0260815 0.367049 0.929836 
-0.10624 -0.923867 0.367673 

410.924

D:\workspace\vfx-image-stitching\data\our\1\IMG_4413.JPG
5184 3456

8 0 1727.5 
0 8 2591.5 
0 0 1 

0.990557 0.0081295 0.136863 
-0.060261 -0.870833 0.487872 
0.12315 -0.491512 -0.862119 

50.5103

D:\workspace\vfx-image-stitching\data\our\1\IMG_4414.JPG
5184 3456

8 0 1727.5 
0 8 2591.5 
0 0 1 

0.992178 0.075629 0.0993131 
0.0858811 -0.990928 -0.103376 
0.0905936 0.111096 -0.989671 

-22.9649

D:\workspace\vfx-image-stitching\data\our\1\IMG_4415.JPG
5184 3456

8 0 1727.5 
0 8 2591.5 
0 0 1 

0.95927 -0.273554 -0.0705051 
-0.272202 -0.828318 -0.489688 
0.0755553 0.488935 -0.869042 

-66.2555

D:\workspace\vfx-image-stitching\data\our\1\IMG_4416.JPG
5184 3456

8 0 1727.5 
0 8 2591.5 
0 0 1 

0.995844 -0.0639169 0.0648791 
0.0842884 0.37697 -0.922383 
0.0344982 0.924018 0.38079 

439.58

D:\workspace\vfx-image-stitching\data\our\1\IMG_4417.JPG
5184 3456

8 0 1727.5 
0 8 2591.5 
0 0 1 

0.992372 -0.0164109 0.122182 
0.100953 0.677005 -0.729022 
-0.0707537 0.735795 0.673497 

1450.51

D:\workspace\vfx-image-stitching\data\our\1\IMG_4418.JPG
5184 3456

8 0 1727.5 
0 8 2591.5 
0 0 1 

0.994355 -0.0259271 0.102892 
0.0849892 0.775168 -0.626012 
-0.0635279 0.631223 0.772996 

1786.06

D:\workspace\vfx-image-stitching\data\our\1\IMG_4419.JPG
5184 3456

8 0 1727.5 
0 8 2591.5 
0 0 1 

0.990772 0.127173 -0.0468767 
-0.135466 0.940414 -0.311883 
0.00442031 0.315355 0.948963 

790.605

D:\workspace\vfx-image-stitching\data\our\1\IMG_4407.JPG
5184 3456

8 0 1727.5 
0 8 2591.5 
0 0 1 

0.990851 0.132856 0.0237259 
-0.120484 0.950018 -0.288009 
-0.0608037 0.282515 0.957334 

793.107

