D:\workspace\vfx-image-stitching\data\our\1\IMG_4408.JPG
5184 3456

8 0 1727.5 
0 8 2591.5 
0 0 1 

0.989982 0.101593 -0.098055 
-0.0610978 -0.317848 -0.946171 
-0.127291 0.942683 -0.308457 

664.797

D:\workspace\vfx-image-stitching\data\our\1\IMG_4409.JPG
5184 3456

8 0 1727.5 
0 8 2591.5 
0 0 1 

0.98976 0.133945 -0.0493479 
-0.0494201 -0.00278742 -0.998774 
-0.133918 0.990985 0.00386055 

668.209

D:\workspace\vfx-image-stitching\data\our\1\IMG_4410.JPG
5184 3456

8 0 1727.5 
0 8 2591.5 
0 0 1 

0.989821 0.141482 0.0154171 
-0.0395308 0.377382 -0.925213 
-0.136719 0.915186 0.379133 

670.138

D:\workspace\vfx-image-stitching\data\our\1\IMG_4412.JPG
5184 3456

8 0 1727.5 
0 8 2591.5 
0 0 1 

0.989396 0.116267 0.0870527 
-0.0312128 0.755546 -0.654352 
-0.141852 0.644696 0.751162 

674.135

D:\workspace\vfx-image-stitching\data\our\1\IMG_4413.JPG
5184 3456

8 0 1727.5 
0 8 2591.5 
0 0 1 

0.990572 0.106769 0.0858335 
-0.080277 0.960112 -0.267845 
-0.111007 0.258429 0.959631 

677.231

D:\workspace\vfx-image-stitching\data\our\1\IMG_4414.JPG
5184 3456

8 0 1727.5 
0 8 2591.5 
0 0 1 

0.997226 -0.0100669 0.0737464 
0.000510493 0.991713 0.128472 
-0.0744285 -0.128078 0.988967 

678.347

D:\workspace\vfx-image-stitching\data\our\1\IMG_4415.JPG
5184 3456

8 0 1727.5 
0 8 2591.5 
0 0 1 

0.989136 -0.0145151 0.146283 
-0.0570193 0.87932 0.472806 
-0.135492 -0.47601 0.868939 

663.378

D:\workspace\vfx-image-stitching\data\our\1\IMG_4416.JPG
5184 3456

8 0 1727.5 
0 8 2591.5 
0 0 1 

0.987135 -0.102619 0.122614 
-0.0824336 0.330451 0.940216 
-0.137002 -0.938227 0.31774 

668.02

D:\workspace\vfx-image-stitching\data\our\1\IMG_4417.JPG
5184 3456

8 0 1727.5 
0 8 2591.5 
0 0 1 

0.97251 -0.213094 0.0938883 
-0.149563 -0.26257 0.953251 
-0.17848 -0.941088 -0.287223 

669.659

D:\workspace\vfx-image-stitching\data\our\1\IMG_4418.JPG
5184 3456

8 0 1727.5 
0 8 2591.5 
0 0 1 

0.991034 -0.132981 -0.0129435 
-0.0689622 -0.592086 0.802919 
-0.114437 -0.794827 -0.595948 

673.88

D:\workspace\vfx-image-stitching\data\our\1\IMG_4419.JPG
5184 3456

8 0 1727.5 
0 8 2591.5 
0 0 1 

0.988308 0.0581188 -0.140962 
-0.0747323 -0.621199 -0.780081 
-0.132903 0.781495 -0.609592 

661.436

D:\workspace\vfx-image-stitching\data\our\1\IMG_4407.JPG
5184 3456

8 0 1727.5 
0 8 2591.5 
0 0 1 

0.988307 0.0581282 -0.140959 
-0.0747251 -0.621194 -0.780086 
-0.132908 0.781498 -0.609587 

661.429

