D:\workspace\vfx-image-stitching\data\our\chaird\DSC00048.JPG
600 400

1 0 199.5 
0 1 299.5 
0 0 1 

0.999394 0.00456841 0.0345227 
-0.0045657 0.99999 -0.000157812 
-0.034523 9.0637e-008 0.999404 

877.535

D:\workspace\vfx-image-stitching\data\our\chaird\DSC00049.JPG
600 400

1 0 199.5 
0 1 299.5 
0 0 1 

0.999433 -0.00199065 0.0336142 
-0.00204138 0.992833 0.119491 
-0.0336111 -0.119492 0.992266 

884.625

D:\workspace\vfx-image-stitching\data\our\chaird\DSC00050.JPG
600 400

1 0 199.5 
0 1 299.5 
0 0 1 

0.999312 -0.0127839 0.034815 
0.000475948 0.943059 0.332625 
-0.0370848 -0.332379 0.942416 

880.363

D:\workspace\vfx-image-stitching\data\our\chaird\DSC00051.JPG
600 400

1 0 199.5 
0 1 299.5 
0 0 1 

0.999274 -0.0168971 0.0341553 
-0.000657512 0.888535 0.458808 
-0.0381008 -0.458497 0.887879 

880.081

D:\workspace\vfx-image-stitching\data\our\chaird\DSC00052.JPG
600 400

1 0 199.5 
0 1 299.5 
0 0 1 

0.99902 -0.0280236 0.03426 
0.00104939 0.788817 0.614628 
-0.0442489 -0.613989 0.788073 

879.526

D:\workspace\vfx-image-stitching\data\our\chaird\DSC00053.JPG
600 400

1 0 199.5 
0 1 299.5 
0 0 1 

0.999024 -0.0314537 0.0310176 
-0.00156937 0.67644 0.736496 
-0.044147 -0.735826 0.67573 

883.225

D:\workspace\vfx-image-stitching\data\our\chaird\DSC00054.JPG
600 400

1 0 199.5 
0 1 299.5 
0 0 1 

0.999159 -0.0362538 0.0191826 
0.00220163 0.514418 0.857537 
-0.0409568 -0.856773 0.514065 

882.384

D:\workspace\vfx-image-stitching\data\our\chaird\DSC00055.JPG
600 400

1 0 199.5 
0 1 299.5 
0 0 1 

0.998868 -0.0462188 0.0112904 
0.00534441 0.3448 0.938661 
-0.0472767 -0.937537 0.344657 

882.387

D:\workspace\vfx-image-stitching\data\our\chaird\DSC00056.JPG
600 400

1 0 199.5 
0 1 299.5 
0 0 1 

0.998816 -0.047841 0.00879535 
0.000257748 0.186018 0.982546 
-0.0486421 -0.981381 0.18581 

882.809

D:\workspace\vfx-image-stitching\data\our\chaird\DSC00057.JPG
600 400

1 0 199.5 
0 1 299.5 
0 0 1 

0.998637 -0.0520182 -0.0041388 
0.00465776 0.00985913 0.999941 
-0.0519743 -0.998598 0.0100881 

883.501

D:\workspace\vfx-image-stitching\data\our\chaird\DSC00058.JPG
600 400

1 0 199.5 
0 1 299.5 
0 0 1 

0.998536 -0.0526131 -0.0125649 
0.00194757 -0.197166 0.980368 
-0.0540576 -0.978957 -0.196774 

885.796

D:\workspace\vfx-image-stitching\data\our\chaird\DSC00059.JPG
600 400

1 0 199.5 
0 1 299.5 
0 0 1 

0.998453 -0.0520125 -0.0196547 
0.00163117 -0.325935 0.94539 
-0.0555783 -0.94396 -0.325346 

888.755

D:\workspace\vfx-image-stitching\data\our\chaird\DSC00060.JPG
600 400

1 0 199.5 
0 1 299.5 
0 0 1 

0.998536 -0.0496644 -0.0214191 
-0.00444714 -0.470066 0.88262 
-0.0539032 -0.881233 -0.469599 

889.28

D:\workspace\vfx-image-stitching\data\our\chaird\DSC00061.JPG
600 400

1 0 199.5 
0 1 299.5 
0 0 1 

0.998492 -0.0478178 -0.0269749 
-0.00527351 -0.572594 0.819822 
-0.0546478 -0.818444 -0.571982 

890.495

D:\workspace\vfx-image-stitching\data\our\chaird\DSC00062.JPG
600 400

1 0 199.5 
0 1 299.5 
0 0 1 

0.998357 -0.0494414 -0.0289424 
-0.0125567 -0.681751 0.731477 
-0.0558967 -0.729912 -0.681252 

891.982

D:\workspace\vfx-image-stitching\data\our\chaird\DSC00047.JPG
600 400

1 0 199.5 
0 1 299.5 
0 0 1 

0.999232 0.0212895 0.0329007 
-0.00937721 0.945067 -0.326742 
-0.0380495 0.326183 0.944541 

868.857

