D:\workspace\vfx-image-stitching\data\our\2\IMG_4421.JPG
5184 3456

8 0 1727.5 
0 8 2591.5 
0 0 1 

0.969791 0.0264126 0.242505 
-0.0256236 0.999651 -0.0064075 
-0.242589 1.90161e-008 0.970129 

543.386

D:\workspace\vfx-image-stitching\data\our\2\IMG_4422.JPG
5184 3456

8 0 1727.5 
0 8 2591.5 
0 0 1 

0.968148 -0.0465876 0.246008 
-0.0531078 0.921971 0.3836 
-0.244683 -0.384447 0.89013 

541.092

D:\workspace\vfx-image-stitching\data\our\2\IMG_4423.JPG
5184 3456

8 0 1727.5 
0 8 2591.5 
0 0 1 

0.970914 -0.183344 0.153984 
-0.0549155 0.455461 0.88856 
-0.233046 -0.871172 0.432145 

538.651

D:\workspace\vfx-image-stitching\data\our\2\IMG_4424.JPG
5184 3456

8 0 1727.5 
0 8 2591.5 
0 0 1 

0.982151 -0.188081 -0.00216747 
-0.0364674 -0.20171 0.978766 
-0.184524 -0.961217 -0.204968 

529.85

D:\workspace\vfx-image-stitching\data\our\2\IMG_4425.JPG
5184 3456

8 0 1727.5 
0 8 2591.5 
0 0 1 

0.981464 -0.162007 -0.102379 
-0.0324443 -0.666962 0.744385 
-0.188879 -0.727266 -0.659855 

538.59

D:\workspace\vfx-image-stitching\data\our\2\IMG_4426.JPG
5184 3456

8 0 1727.5 
0 8 2591.5 
0 0 1 

0.982283 -0.104966 -0.155249 
-0.0322056 -0.910646 0.41193 
-0.184615 -0.399632 -0.897893 

538.958

D:\workspace\vfx-image-stitching\data\our\2\IMG_4427.JPG
5184 3456

8 0 1727.5 
0 8 2591.5 
0 0 1 

0.980846 -0.000403458 -0.194784 
-0.0181018 -0.995859 -0.0890889 
-0.193941 0.0909086 -0.976792 

544.775

D:\workspace\vfx-image-stitching\data\our\2\IMG_4428.JPG
5184 3456

8 0 1727.5 
0 8 2591.5 
0 0 1 

0.978863 0.07499 -0.190272 
-0.0391201 -0.844518 -0.534097 
-0.20074 0.530251 -0.823734 

540.218

D:\workspace\vfx-image-stitching\data\our\2\IMG_4429.JPG
5184 3456

8 0 1727.5 
0 8 2591.5 
0 0 1 

0.979424 0.165913 -0.114899 
-0.0438861 -0.380613 -0.923692 
-0.196984 0.909729 -0.3655 

541.612

D:\workspace\vfx-image-stitching\data\our\2\IMG_4430.JPG
5184 3456

8 0 1727.5 
0 8 2591.5 
0 0 1 

0.980504 0.19395 -0.0315562 
-0.0444296 0.0623858 -0.997063 
-0.191411 0.979026 0.0697868 

539.678

D:\workspace\vfx-image-stitching\data\our\2\IMG_4431.JPG
5184 3456

8 0 1727.5 
0 8 2591.5 
0 0 1 

0.981684 0.173742 0.0781673 
-0.0473852 0.620067 -0.783117 
-0.184529 0.765069 0.616943 

539.917

D:\workspace\vfx-image-stitching\data\our\2\IMG_4420.JPG
5184 3456

8 0 1727.5 
0 8 2591.5 
0 0 1 

0.973304 0.0816878 0.21449 
0.00611052 0.924967 -0.379999 
-0.229437 0.371165 0.899775 

546.907

