D:\workspace\vfx-image-stitching\data\ntulib\IMG_8723.JPG
2272 1704

4 0 851.5 
0 4 1135.5 
0 0 1 

0.890308 -0.00378064 0.455344 
0.00336597 0.999993 0.00172164 
-0.455347 -4.8773e-008 0.890314 

716.353

D:\workspace\vfx-image-stitching\data\ntulib\IMG_8724.JPG
2272 1704

4 0 851.5 
0 4 1135.5 
0 0 1 

0.980676 0.0103327 0.195365 
-0.00861325 0.999916 -0.00964853 
-0.195448 0.00777939 0.980683 

715.114

D:\workspace\vfx-image-stitching\data\ntulib\IMG_8725.JPG
2272 1704

4 0 851.5 
0 4 1135.5 
0 0 1 

0.981377 0.0466831 0.186331 
0.00987381 0.956478 -0.291638 
-0.191836 0.288047 0.938205 

718.02

D:\workspace\vfx-image-stitching\data\ntulib\IMG_8726.JPG
2272 1704

4 0 851.5 
0 4 1135.5 
0 0 1 

0.978052 0.141113 0.153299 
0.00458612 0.720986 -0.692934 
-0.208309 0.678429 0.704515 

716.484

D:\workspace\vfx-image-stitching\data\ntulib\IMG_8727.JPG
2272 1704

4 0 851.5 
0 4 1135.5 
0 0 1 

0.97834 0.188303 0.0859858 
0.00637817 0.38776 -0.921738 
-0.206908 0.902321 0.37816 

714.029

D:\workspace\vfx-image-stitching\data\ntulib\IMG_8728.JPG
2272 1704

4 0 851.5 
0 4 1135.5 
0 0 1 

0.907451 0.360349 0.216057 
-0.0227674 0.555648 -0.831106 
-0.41954 0.749269 0.512427 

714.129

D:\workspace\vfx-image-stitching\data\ntulib\IMG_8729.JPG
2272 1704

4 0 851.5 
0 4 1135.5 
0 0 1 

0.896565 0.411885 0.162857 
0.00756333 0.353404 -0.93544 
-0.442848 0.839914 0.313735 

713.807

D:\workspace\vfx-image-stitching\data\ntulib\IMG_8722.JPG
2272 1704
4 0 851.5 
0 4 1135.5 
0 0 1 

0 0 0 
0 0 0 
0 0 0 

0

